2.87806 3.01046 2.96429 3.02936 3.10033 2.23868 3.98243 2.86446 3.67052 3.24866 3.55889 2.97306 2.24096 2.76733 2.59109 2.54113 2.89653 2.67097 3.4877 3.82483 
3.21062 2.98387 3.45548 3.59485 3.41142 2.50702 3.66211 3.04376 3.78137 3.07554 3.55811 2.88155 2.68347 2.81883 2.73559 2.76479 2.9249 2.84717 3.30996 3.6459 
2.19046 1.9788 1.58952 1.35207 2.1318 0.927268 1.78123 1.84915 2.44738 0.85554 1.55647 1.0996 1.27625 1.90596 1.86985 1.13944 1.53003 1.22627 1.69796 1.71297 
3.08804 2.7587 3.34389 3.38766 3.22576 2.57776 3.85532 3.00821 3.73076 3.27131 3.25563 3.00663 2.55349 2.56683 2.83789 2.90319 2.9583 2.68829 3.21348 3.48729 
3.12164 2.70427 3.11831 3.29207 3.32422 2.69507 4.26622 2.49736 3.99076 2.96394 3.56988 2.67187 2.15563 3.07394 3.06327 2.69383 2.73761 2.60369 3.61785 3.47698 
1.83012 1.92456 1.81158 1.70752 1.99191 1.09411 1.90777 1.91562 2.16028 1.45051 2.01201 1.49401 1.50821 1.79638 1.28627 1.32199 1.72782 1.68084 1.87011 2.34347 
3.12135 3.18756 2.88625 3.16336 3.58917 2.48298 4.04045 3.02944 4.23178 2.91604 3.29964 2.7108 2.24287 2.76913 3.15234 2.60881 2.51401 2.51695 3.24026 3.64428 
3.3681 3.27136 2.99867 2.80812 3.25964 1.75252 3.32826 2.93477 3.64977 2.60669 3.4062 2.64151 2.31223 2.83069 2.75868 2.27574 2.93533 2.40462 3.29133 3.39513 
3.16093 2.77924 2.92804 2.64038 3.02897 1.91216 3.65297 2.69657 3.50711 2.84637 3.27057 2.72821 2.13007 2.76356 2.69147 2.52083 2.97289 2.36795 3.41187 3.40479 
4.29262 3.60877 4.16578 4.02733 3.84123 3.05352 4.53422 3.84368 4.96883 3.17955 4.05854 3.17856 2.90805 3.32898 3.76846 3.06753 3.51093 2.84563 3.68231 4.3858 

